"PATNO","EVENT_ID","SCAN_DATE","cerebellar_cortex_r","cerebellar_cortex_l","mesial_temporal_cortex_r","mesial_temporal_cortex_l","pons","subcortical_white_matter","cerebellar_white_matter","rectus_r","rectus_l","cingulum_ant_r","cingulum_ant_l","cingulum_post_r","cingulum_post_l","caudate_r","caudate_l","putamen_r","putamen_l","thalamus_r","thalamus_l","occipital_cortex_r","occipital_cortex_l","parietal_cortex_r","parietal_cortex_l","lateral_temporal_cortex_r","lateral_temporal_cortex_l","orbitofrontal_cortex_r","orbitofrontal_cortex_l","frontal_cortex_r","frontal_cortex_l","temporal_cortex_r","temporal_cortex_l","composite_summary","mean_cerebellum_gray","mean_whole_cerebellum"
"3433","V04","10/2014","1.03","0.97","1.27","1.21","1.89","2.26","2.07","1.30","1.24","1.18","1.25","1.23","1.41","1.44","1.51","1.44","1.63","1.41","1.53","1.34","1.38","1.31","1.32","1.32","1.27","1.30","1.30","1.34","1.37","1.31","1.26","1.32","1.00","1.08"
"4100","V06","12/2014","0.99","1.01","1.45","1.38","2.25","2.45","2.49","1.50","1.55","1.21","1.28","1.24","1.34","1.81","1.78","1.60","1.59","1.80","1.79","1.41","1.42","1.40","1.38","1.43","1.42","1.48","1.41","1.49","1.49","1.43","1.41","1.40","1.00","1.11"
"4105","V06","02/2015","1.01","0.99","1.36","1.29","1.98","2.19","2.37","1.26","1.33","1.28","1.45","1.56","1.67","1.57","1.56","1.54","1.60","1.67","1.72","1.41","1.40","1.30","1.30","1.32","1.29","1.33","1.33","1.34","1.37","1.33","1.29","1.39","1.00","1.08"
"4108","V06","02/2015","1.05","0.95","1.24","1.25","1.88","2.32","2.25","1.36","1.28","1.22","1.36","1.41","1.50","1.48","1.52","1.65","1.42","1.42","1.52","1.38","1.35","1.33","1.29","1.36","1.27","1.38","1.32","1.38","1.36","1.33","1.27","1.36","1.00","1.09"
"4116","V06","06/2015","0.99","1.01","1.22","1.15","1.84","1.96","2.21","1.29","1.31","1.19","1.27","1.16","1.30","1.53","1.44","1.37","1.35","1.65","1.82","1.27","1.29","1.20","1.23","1.22","1.24","1.19","1.24","1.21","1.25","1.22","1.22","1.23","1.00","1.10"
"3551","V04","05/2015","1.01","0.99","1.24","1.27","1.90","2.05","2.25","1.17","1.21","1.15","1.19","1.15","1.25","1.52","1.39","1.59","1.50","1.72","1.79","1.27","1.25","1.23","1.26","1.22","1.22","1.14","1.17","1.27","1.28","1.22","1.23","1.23","1.00","1.10"
"3230","V06","08/2015","1.00","1.00","1.14","1.12","1.78","2.04","2.24","1.18","1.21","1.34","1.33","1.42","1.55","1.29","1.22","1.60","1.47","1.65","1.63","1.23","1.21","1.25","1.23","1.21","1.13","1.28","1.19","1.37","1.32","1.19","1.13","1.31","1.00","1.09"
"4117","V06","06/2015","1.01","0.99","1.17","1.22","1.88","1.93","2.16","1.06","1.13","1.14","1.14","1.20","1.38","1.37","1.31","1.42","1.40","1.44","1.48","1.23","1.26","1.18","1.21","1.18","1.23","1.11","1.15","1.16","1.21","1.18","1.23","1.22","1.00","1.09"
"3223","V08","02/2015","0.97","1.03","1.38","1.37","1.90","2.29","2.39","1.41","1.47","1.38","1.42","1.40","1.52","1.53","1.41","1.56","1.55","1.59","1.63","1.40","1.42","1.36","1.37","1.33","1.35","1.37","1.39","1.43","1.48","1.34","1.36","1.40","1.00","1.09"
"3418","V08","06/2015","1.00","1.00","1.31","1.28","1.97","2.13","2.18","1.47","1.49","1.45","1.46","1.83","1.78","1.58","1.46","1.51","1.45","1.63","1.60","1.45","1.49","1.45","1.38","1.44","1.30","1.36","1.33","1.44","1.41","1.40","1.29","1.50","1.00","1.08"
"3422","V08","08/2015","1.01","0.99","1.15","1.17","1.69","2.25","2.12","1.04","1.12","1.18","1.20","1.22","1.34","1.36","1.28","1.52","1.34","1.32","1.33","1.21","1.19","1.17","1.14","1.21","1.19","1.20","1.21","1.24","1.23","1.20","1.18","1.22","1.00","1.08"
"3429","V08","08/2014","0.99","1.02","1.41","1.41","1.80","2.32","2.30","1.82","1.73","1.72","1.82","1.79","1.87","1.63","1.52","1.84","1.68","1.67","1.68","1.52","1.53","1.64","1.64","1.50","1.48","1.76","1.70","1.70","1.69","1.48","1.46","1.66","1.00","1.09"
"3430","V08","09/2014","1.04","0.96","1.38","1.48","2.02","2.18","2.24","1.35","1.38","1.44","1.50","1.23","1.29","1.68","1.56","1.69","1.51","1.71","1.80","1.52","1.52","1.42","1.43","1.38","1.45","1.44","1.43","1.49","1.49","1.38","1.46","1.40","1.00","1.09"
"3431","V08","09/2014","0.99","1.01","1.12","1.15","1.79","2.01","2.11","1.09","1.11","1.23","1.27","1.35","1.46","1.30","1.27","1.38","1.49","1.44","1.56","1.23","1.27","1.22","1.27","1.18","1.22","1.15","1.18","1.22","1.26","1.17","1.20","1.27","1.00","1.08"
"3435","V08","11/2014","0.99","1.01","1.21","1.23","1.74","1.82","2.20","1.25","1.30","1.15","1.15","1.44","1.52","1.45","1.25","1.49","1.45","1.37","1.53","1.26","1.29","1.20","1.28","1.20","1.29","1.22","1.25","1.26","1.30","1.20","1.27","1.31","1.00","1.08"
"3436","V08","01/2015","1.01","0.99","1.21","1.17","1.88","1.80","1.88","1.25","1.15","1.14","1.16","1.26","1.24","1.45","1.36","1.47","1.22","1.41","1.56","1.34","1.31","1.24","1.24","1.23","1.21","1.23","1.20","1.25","1.22","1.23","1.20","1.24","1.00","1.06"
"3443","V08","03/2015","0.95","1.05","1.26","1.25","1.99","2.12","2.17","1.29","1.26","1.19","1.30","1.09","1.10","1.44","1.27","1.51","1.47","1.55","1.63","1.34","1.37","1.24","1.21","1.28","1.29","1.31","1.32","1.30","1.28","1.28","1.28","1.22","1.00","1.09"
"3444","V08","03/2015","0.99","1.02","1.31","1.34","2.04","1.92","2.15","1.13","1.15","1.36","1.50","1.58","1.60","1.62","1.53","1.49","1.37","1.59","1.71","1.48","1.46","1.38","1.38","1.35","1.41","1.25","1.29","1.41","1.41","1.34","1.39","1.44","1.00","1.10"
"3445","V08","03/2015","1.00","1.00","1.22","1.24","1.77","1.75","1.90","1.22","1.34","1.08","1.19","1.22","1.27","1.37","1.37","1.40","1.48","1.35","1.51","1.25","1.29","1.23","1.25","1.23","1.24","1.23","1.29","1.25","1.30","1.23","1.24","1.25","1.00","1.06"
"3448","V08","05/2015","1.00","1.00","1.15","1.15","1.64","1.63","1.99","1.14","1.24","1.19","1.27","1.36","1.26","1.37","1.28","1.40","1.35","1.52","1.61","1.16","1.19","1.13","1.13","1.15","1.13","1.11","1.12","1.16","1.16","1.15","1.13","1.18","1.00","1.07"
"4051","V08","06/2015","1.00","1.00","1.15","1.17","1.51","1.75","1.93","1.16","1.20","1.24","1.29","1.20","1.21","1.38","1.42","1.19","1.41","1.62","1.62","1.20","1.23","1.13","1.21","1.13","1.20","1.15","1.21","1.17","1.23","1.13","1.19","1.18","1.00","1.07"
"4055","V08","07/2015","0.99","1.01","1.18","1.26","1.85","1.90","2.32","1.10","1.17","1.04","1.06","1.46","1.51","1.31","1.20","1.46","1.40","1.45","1.59","1.36","1.40","1.34","1.35","1.25","1.26","1.08","1.16","1.23","1.29","1.23","1.26","1.34","1.00","1.10"
"4057","V08","08/2015","1.00","1.00","1.15","1.19","1.65","1.82","1.94","1.18","1.19","1.22","1.21","1.13","1.21","1.35","1.22","1.51","1.50","1.34","1.42","1.20","1.27","1.09","1.08","1.17","1.18","1.17","1.19","1.16","1.21","1.16","1.19","1.15","1.00","1.06"
"4093","V08","09/2015","1.01","0.99","1.21","1.18","1.66","1.96","2.08","1.27","1.25","1.18","1.22","1.41","1.48","1.54","1.61","1.40","1.29","1.44","1.59","1.30","1.32","1.31","1.28","1.25","1.18","1.23","1.22","1.30","1.29","1.24","1.18","1.31","1.00","1.08"
"4094","V08","08/2015","1.05","0.95","1.08","1.07","1.75","2.08","2.08","0.94","1.05","1.32","1.34","1.54","1.51","1.55","1.38","1.40","1.45","1.87","1.96","1.40","1.43","1.44","1.40","1.22","1.12","1.12","1.10","1.37","1.34","1.19","1.11","1.37","1.00","1.07"
"4098","V08","11/2015","1.01","0.99","1.27","1.14","1.85","2.03","2.26","1.26","1.36","1.23","1.33","1.28","1.41","1.41","1.50","1.54","1.40","1.47","1.66","1.28","1.31","1.25","1.24","1.27","1.19","1.24","1.27","1.31","1.30","1.27","1.18","1.28","1.00","1.09"
"3910","V08","02/2016","1.02","0.98","1.25","1.27","1.83","2.06","2.08","1.40","1.34","1.33","1.52","1.50","1.44","1.41","1.39","1.45","1.39","1.42","1.61","1.36","1.37","1.38","1.37","1.30","1.29","1.30","1.31","1.37","1.39","1.29","1.29","1.38","1.00","1.07"
"3911","V08","02/2016","0.98","1.02","1.35","1.31","1.84","2.19","2.42","1.36","1.35","1.36","1.54","1.71","1.71","1.48","1.36","1.60","1.52","1.52","1.64","1.41","1.44","1.42","1.40","1.33","1.36","1.32","1.32","1.43","1.45","1.34","1.35","1.48","1.00","1.09"
"4102","V08","12/2015","0.94","1.06","1.49","1.36","2.22","2.81","2.70","1.59","1.43","1.46","1.59","1.51","1.71","2.05","1.95","1.89","1.71","1.72","1.68","1.59","1.65","1.54","1.57","1.57","1.46","1.50","1.42","1.62","1.61","1.55","1.43","1.57","1.00","1.12"
"4104","V08","12/2015","1.00","1.00","1.34","1.33","1.65","1.94","2.06","1.39","1.49","1.59","1.63","1.60","1.69","1.51","1.46","1.49","1.44","1.70","1.64","1.38","1.48","1.49","1.56","1.42","1.50","1.41","1.46","1.47","1.52","1.40","1.46","1.53","1.00","1.08"
"4111","V08","03/2016","0.93","1.09","1.26","1.30","1.49","2.15","1.84","1.20","1.36","1.21","1.36","1.08","1.37","1.52","1.32","1.47","1.41","1.36","1.47","1.34","1.35","1.25","1.30","1.28","1.25","1.20","1.25","1.28","1.31","1.28","1.26","1.26","1.00","1.07"
"40781","V04","02/2016","1.01","0.99","1.19","1.19","1.69","2.22","2.30","1.08","1.25","1.21","1.28","1.23","1.28","1.50","1.45","1.54","1.52","1.62","1.68","1.31","1.27","1.29","1.29","1.21","1.17","1.23","1.29","1.34","1.38","1.20","1.18","1.27","1.00","1.08"
"40784","V06","02/2016","0.97","1.03","1.21","1.24","1.83","2.12","2.08","1.19","1.23","1.41","1.40","1.28","1.37","1.45","1.38","1.47","1.55","1.47","1.47","1.28","1.30","1.30","1.38","1.18","1.28","1.24","1.28","1.33","1.39","1.19","1.27","1.31","1.00","1.08"
"40800","V06","02/2016","1.03","0.97","1.34","1.37","1.90","2.41","2.51","1.41","1.53","1.51","1.59","1.32","1.56","1.40","1.47","1.73","1.66","1.68","1.90","1.47","1.58","1.50","1.50","1.38","1.45","1.29","1.35","1.47","1.54","1.37","1.43","1.47","1.00","1.10"
"65003","V06","03/2016","0.94","1.06","1.38","1.33","1.98","2.58","2.58","1.36","1.52","1.42","1.61","1.43","1.67","1.63","1.58","1.60","1.70","1.72","1.71","1.41","1.41","1.37","1.43","1.37","1.35","1.40","1.49","1.51","1.63","1.38","1.34","1.47","1.00","1.11"
"60065","V06","09/2016","0.98","1.02","1.17","1.16","1.61","1.98","2.08","1.18","1.21","1.23","1.21","1.25","1.25","1.26","1.22","1.44","1.40","1.34","1.37","1.25","1.25","1.17","1.15","1.15","1.12","1.18","1.17","1.20","1.20","1.16","1.13","1.19","1.00","1.07"
"60063","V06","07/2016","1.00","1.00","1.11","1.11","1.41","1.82","1.78","1.09","1.11","1.19","1.19","1.27","1.33","1.14","1.10","1.37","1.34","1.26","1.36","1.20","1.23","1.22","1.22","1.11","1.07","1.12","1.12","1.20","1.20","1.11","1.08","1.20","1.00","1.05"
"60060","V06","04/2016","1.02","0.98","1.18","1.18","1.55","1.97","2.05","1.25","1.22","1.32","1.28","1.53","1.48","1.33","1.24","1.45","1.42","1.37","1.40","1.13","1.15","1.16","1.15","1.21","1.17","1.28","1.24","1.28","1.28","1.20","1.18","1.28","1.00","1.07"
"60059","V06","07/2016","1.00","1.00","1.07","1.04","1.41","1.93","1.76","1.15","1.13","1.18","1.21","1.20","1.23","1.19","1.14","1.45","1.40","1.33","1.38","1.17","1.16","1.17","1.16","1.09","1.01","1.09","1.03","1.18","1.17","1.08","1.02","1.15","1.00","1.06"
"60046","V06","05/2016","1.02","0.98","1.43","1.32","1.94","2.26","2.42","1.40","1.50","1.62","1.67","1.53","1.58","1.43","1.38","1.73","1.68","1.60","1.67","1.39","1.38","1.52","1.41","1.49","1.32","1.50","1.42","1.56","1.54","1.48","1.32","1.49","1.00","1.09"
"60045","V06","04/2016","1.02","0.98","1.04","1.02","1.37","1.63","1.67","0.98","1.02","1.20","1.23","1.18","1.22","1.11","1.09","1.26","1.25","1.23","1.31","1.17","1.11","1.16","1.16","1.12","1.10","1.03","1.07","1.14","1.17","1.10","1.08","1.16","1.00","1.06"
"52400","V04","11/2016","0.96","1.04","1.62","1.58","2.20","2.62","2.46","1.46","1.42","1.39","1.43","1.60","1.70","1.83","1.69","1.60","1.73","1.70","1.80","1.60","1.61","1.42","1.50","1.48","1.45","1.53","1.53","1.46","1.51","1.51","1.49","1.51","1.00","1.09"
"51441","V04","09/2016","0.99","1.01","1.23","1.23","1.73","1.97","2.14","1.24","1.25","1.34","1.35","1.32","1.40","1.32","1.24","1.51","1.47","1.44","1.47","1.33","1.35","1.27","1.25","1.23","1.18","1.26","1.26","1.28","1.30","1.23","1.19","1.28","1.00","1.07"
"41172","U01","11/2015","1.02","0.98","1.72","1.62","2.41","2.80","2.45","2.31","2.19","2.45","2.47","2.38","2.37","2.26","2.17","2.34","2.15","1.93","2.07","1.67","1.73","2.22","2.09","1.94","1.75","2.13","2.01","2.37","2.29","1.89","1.71","2.17","1.00","1.10"
"40671","V04","06/2016","1.00","1.00","1.28","1.26","1.75","2.16","2.27","1.23","1.29","1.25","1.32","1.33","1.39","1.38","1.33","1.61","1.52","1.49","1.59","1.30","1.33","1.30","1.25","1.25","1.18","1.28","1.24","1.32","1.30","1.26","1.20","1.29","1.00","1.08"
"4135","V04","10/2015","0.97","1.03","1.47","1.43","1.83","2.40","2.58","1.42","1.44","1.93","1.96","1.65","1.78","1.69","1.60","1.85","1.74","1.75","1.92","1.65","1.68","1.77","1.79","1.52","1.50","1.59","1.50","1.79","1.75","1.51","1.48","1.69","1.00","1.14"
"4115","V08","03/2016","0.98","1.02","1.16","1.12","1.54","2.00","2.20","1.12","1.17","1.24","1.13","1.15","1.10","1.32","1.30","1.37","1.38","1.35","1.48","1.17","1.18","1.13","1.13","1.17","1.17","1.18","1.13","1.24","1.22","1.17","1.16","1.16","1.00","1.08"
"3916","V08","04/2016","1.00","1.00","1.27","1.20","1.52","2.12","2.20","1.25","1.25","1.38","1.48","1.35","1.45","1.42","1.34","1.51","1.44","1.44","1.51","1.37","1.39","1.25","1.24","1.26","1.22","1.29","1.24","1.32","1.32","1.27","1.21","1.30","1.00","1.09"
"3914","V08","04/2016","1.01","0.99","1.21","1.19","1.55","1.97","1.85","1.10","1.21","1.31","1.31","1.22","1.31","1.39","1.35","1.42","1.41","1.28","1.35","1.19","1.20","1.21","1.20","1.19","1.17","1.28","1.31","1.28","1.32","1.19","1.18","1.24","1.00","1.06"
"3901","V08","08/2016","1.01","0.99","1.36","1.36","1.89","2.56","2.42","1.38","1.43","1.38","1.40","1.71","1.65","1.57","1.40","1.69","1.63","1.41","1.53","1.37","1.40","1.35","1.34","1.39","1.35","1.39","1.35","1.49","1.49","1.38","1.35","1.47","1.00","1.10"
"3900","V08","08/2016","0.98","1.02","1.31","1.31","2.07","2.53","2.74","1.28","1.34","1.32","1.40","1.75","1.79","1.47","1.39","1.80","1.80","1.66","1.86","1.46","1.51","1.52","1.55","1.34","1.41","1.33","1.34","1.53","1.54","1.33","1.39","1.55","1.00","1.11"
"3460","U01","04/2016","1.01","0.99","1.02","1.02","1.35","1.35","1.49","0.97","1.00","1.02","1.05","1.23","1.22","0.93","0.92","1.03","1.01","1.04","1.10","1.15","1.17","1.13","1.14","1.07","1.06","1.03","1.04","1.09","1.08","1.06","1.05","1.13","1.00","1.05"
"3459","U01","04/2016","1.00","1.00","1.13","1.13","1.30","1.80","1.66","1.28","1.27","1.43","1.44","1.35","1.33","1.32","1.28","1.35","1.32","1.38","1.33","1.28","1.33","1.16","1.17","1.10","1.12","1.26","1.19","1.26","1.20","1.10","1.12","1.21","1.00","1.05"
"3237","V04","04/2016","1.03","0.97","1.12","1.13","1.65","1.96","2.14","1.11","1.17","1.38","1.41","1.49","1.52","1.16","1.16","1.35","1.29","1.38","1.47","1.17","1.15","1.15","1.11","1.13","1.08","1.18","1.14","1.24","1.22","1.13","1.09","1.24","1.00","1.08"
"3234","V04","03/2016","0.99","1.01","1.19","1.16","1.72","1.97","1.97","1.17","1.18","1.32","1.33","1.45","1.42","1.36","1.32","1.43","1.35","1.53","1.58","1.32","1.30","1.34","1.33","1.27","1.26","1.25","1.21","1.34","1.35","1.25","1.23","1.35","1.00","1.06"
"3201","U01","07/2015","0.97","1.03","1.31","1.23","1.97","2.23","2.32","1.17","1.14","1.50","1.31","1.51","1.54","1.75","1.60","1.61","1.54","1.69","1.74","1.34","1.33","1.27","1.33","1.20","1.22","1.31","1.34","1.31","1.36","1.23","1.23","1.34","1.00","1.10"
"12593","V08","02/2017","1.02","0.98","1.19","1.20","1.95","2.21","2.17","1.12","1.13","1.34","1.38","1.29","1.43","1.36","1.26","1.38","1.38","1.58","1.64","1.41","1.37","1.35","1.29","1.25","1.19","1.17","1.14","1.26","1.24","1.24","1.19","1.29","1.00","1.08"
"3220","U01","12/2016","1.03","0.97","1.13","1.14","1.84","2.20","2.03","1.14","1.14","1.23","1.28","1.65","1.61","1.34","1.29","1.45","1.35","1.51","1.59","1.31","1.30","1.28","1.24","1.19","1.11","1.27","1.21","1.33","1.28","1.18","1.12","1.34","1.00","1.07"
"3424","U01","08/2015","1.01","0.99","1.19","1.23","1.71","2.21","2.30","1.03","1.20","1.22","1.23","1.31","1.49","1.67","1.56","1.32","1.36","1.48","1.50","1.25","1.27","1.19","1.20","1.20","1.18","1.22","1.24","1.24","1.28","1.19","1.19","1.26","1.00","1.10"
"52062","V04","12/2016","0.99","1.01","1.20","1.19","1.47","1.72","1.95","1.02","1.14","1.11","1.05","1.07","1.21","1.23","1.13","1.30","1.26","1.50","1.51","1.22","1.23","1.13","1.14","1.13","1.11","1.12","1.15","1.15","1.16","1.14","1.13","1.14","1.00","1.06"
"52982","V04","03/2017","1.01","0.99","1.27","1.24","1.82","2.02","2.11","1.30","1.36","1.19","1.19","1.29","1.46","1.43","1.39","1.38","1.41","1.60","1.60","1.28","1.28","1.17","1.18","1.22","1.19","1.25","1.25","1.26","1.26","1.23","1.20","1.25","1.00","1.07"
"54144","V04","02/2017","1.01","0.99","1.20","1.21","1.63","1.88","1.90","1.10","1.12","1.11","1.20","1.33","1.38","1.33","1.32","1.38","1.32","1.59","1.71","1.38","1.39","1.28","1.25","1.24","1.22","1.18","1.20","1.22","1.21","1.23","1.22","1.27","1.00","1.06"
"51782","V04","01/2017","1.00","1.00","1.21","1.21","1.59","1.83","1.77","1.20","1.25","1.36","1.38","1.31","1.37","1.24","1.22","1.29","1.29","1.39","1.41","1.17","1.20","1.12","1.17","1.13","1.18","1.20","1.29","1.20","1.27","1.15","1.19","1.22","1.00","1.05"
"60013","V06","11/2016","1.02","0.98","1.43","1.44","2.19","2.44","2.52","1.38","1.44","1.71","1.78","1.51","1.62","1.85","1.73","1.66","1.63","2.11","2.09","1.42","1.49","1.37","1.37","1.38","1.37","1.39","1.40","1.48","1.50","1.39","1.39","1.45","1.00","1.10"
"40882","V06","06/2016","0.98","1.02","1.21","1.27","1.65","2.00","2.06","1.22","1.30","1.36","1.37","1.28","1.38","1.46","1.34","1.41","1.46","1.47","1.50","1.28","1.29","1.28","1.31","1.19","1.21","1.28","1.32","1.33","1.37","1.19","1.22","1.29","1.00","1.07"
"3905","V08","01/2017","1.02","0.98","1.30","1.30","2.01","2.32","2.29","1.33","1.33","1.34","1.39","1.53","1.56","1.68","1.61","1.49","1.46","1.76","1.87","1.38","1.34","1.32","1.34","1.30","1.28","1.38","1.34","1.44","1.44","1.30","1.28","1.40","1.00","1.08"
"3908","V08","02/2017","1.02","0.98","1.27","1.24","2.00","2.16","2.39","1.20","1.27","1.46","1.46","1.34","1.38","1.50","1.49","1.46","1.40","1.79","1.87","1.30","1.35","1.29","1.30","1.29","1.22","1.29","1.28","1.36","1.38","1.28","1.22","1.32","1.00","1.09"
"3917","V08","09/2016","1.01","0.99","1.38","1.35","1.79","2.17","2.15","1.58","1.55","1.47","1.50","1.58","1.59","1.39","1.33","1.64","1.51","1.42","1.44","1.88","1.78","1.68","1.58","1.66","1.53","1.51","1.43","1.58","1.49","1.59","1.48","1.59","1.00","1.08"
"60048","V06","01/2017","1.00","1.00","1.11","1.15","2.09","2.20","1.82","1.06","1.10","1.30","1.29","1.24","1.40","1.42","1.32","1.40","1.44","1.76","1.79","1.30","1.31","1.19","1.21","1.22","1.18","1.13","1.11","1.22","1.23","1.20","1.17","1.24","1.00","1.05"
"60056","V06","12/2016","1.07","0.93","1.28","1.20","1.78","2.11","2.06","1.38","1.36","1.40","1.41","1.51","1.46","1.50","1.43","1.57","1.49","1.69","1.77","1.30","1.28","1.27","1.16","1.35","1.22","1.37","1.26","1.39","1.31","1.33","1.22","1.33","1.00","1.07"
"60057","V06","07/2016","1.00","1.00","1.27","1.28","1.71","2.01","2.02","1.31","1.35","1.41","1.43","1.45","1.49","1.50","1.46","1.48","1.45","1.63","1.62","1.35","1.34","1.33","1.33","1.26","1.23","1.31","1.30","1.36","1.36","1.26","1.24","1.35","1.00","1.06"
"60095","U01","03/2015","1.01","0.99","1.09","1.14","1.58","1.84","2.06","1.11","1.15","1.05","1.09","1.12","1.18","1.24","1.26","1.37","1.39","1.33","1.38","1.15","1.18","1.02","1.06","1.07","1.13","1.08","1.12","1.06","1.12","1.07","1.13","1.09","1.00","1.08"
"60100","V06","12/2016","0.98","1.02","1.20","1.11","1.52","1.40","1.84","1.62","1.41","1.31","1.23","1.58","1.55","1.15","0.92","1.63","1.63","1.33","1.25","1.34","1.24","1.43","1.40","1.39","1.32","1.45","1.54","1.37","1.52","1.34","1.27","1.45","1.00","1.07"
"60101","V06","02/2017","0.99","1.01","1.19","1.18","1.82","2.07","2.15","1.23","1.30","1.33","1.36","1.46","1.52","1.38","1.27","1.39","1.38","1.52","1.61","1.21","1.28","1.21","1.27","1.16","1.22","1.16","1.22","1.23","1.30","1.17","1.21","1.30","1.00","1.07"
"60107","V06","02/2017","0.98","1.02","1.26","1.24","2.05","2.05","2.39","1.37","1.38","1.47","1.45","1.35","1.37","1.39","1.05","1.68","1.68","1.66","1.50","1.28","1.30","1.15","1.21","1.25","1.26","1.35","1.40","1.29","1.35","1.25","1.26","1.28","1.00","1.09"
"60109","V06","01/2017","1.05","0.95","1.32","1.24","1.95","2.10","2.25","1.24","1.28","1.23","1.22","1.48","1.48","1.55","1.45","1.51","1.47","1.73","1.85","1.35","1.34","1.31","1.27","1.30","1.16","1.32","1.24","1.33","1.29","1.30","1.18","1.33","1.00","1.08"
"3409","U01","11/2014","1.01","0.99","1.30","1.28","1.73","2.00","2.14","1.21","1.22","1.30","1.44","1.28","1.39","1.47","1.46","1.57","1.53","1.50","1.56","1.48","1.46","1.31","1.34","1.38","1.37","1.33","1.38","1.35","1.39","1.36","1.35","1.35","1.00","1.08"
"3453","U01","02/2017","1.00","1.00","1.23","1.22","1.62","1.93","1.83","1.25","1.26","1.46","1.48","1.54","1.55","1.40","1.33","1.33","1.27","1.38","1.42","1.28","1.28","1.22","1.24","1.20","1.18","1.27","1.25","1.28","1.30","1.21","1.19","1.31","1.00","1.05"
